3 0.7137254901960784 0.611764705882353 0.42745098039215684 0.7372549019607844
3 0.33725490196078434 0.5823529411764706 0.2980392156862745 0.7568627450980392
3 0.23333333333333334 0.44509803921568625 0.27450980392156865 0.5568627450980392
3 0.5529411764705883 0.5823529411764706 0.3058823529411765 0.6588235294117647
3 0.5431372549019607 0.27450980392156865 0.35294117647058826 0.23921568627450981
3 0.23529411764705882 0.19607843137254902 0.27058823529411763 0.16862745098039217
3 0.16666666666666666 0.09019607843137255 0.11372549019607843 0.13333333333333333
3 0.46862745098039216 0.1450980392156863 0.2823529411764706 0.19607843137254902
3 0.8607843137254902 0.09019607843137255 0.13333333333333333 0.1803921568627451
3 0.6745098039215687 0.1392156862745098 0.35294117647058826 0.23529411764705882
3 0.07647058823529412 0.6372549019607843 0.15294117647058825 0.5529411764705883