3 0.6843137254901961 0.6392156862745098 0.4588235294117647 0.7215686274509804
3 0.3235294117647059 0.5450980392156862 0.33725490196078434 0.7647058823529411
3 0.2529411764705882 0.3862745098039216 0.30196078431372547 0.5647058823529412
3 0.5333333333333333 0.592156862745098 0.33725490196078434 0.6627450980392157
3 0.592156862745098 0.2901960784313726 0.36470588235294116 0.2549019607843137
3 0.30980392156862746 0.1450980392156863 0.2784313725490196 0.1843137254901961
3 0.26666666666666666 0.047058823529411764 0.11764705882352941 0.09411764705882353
3 0.5490196078431373 0.14705882352941177 0.28627450980392155 0.20784313725490197
3 0.9352941176470588 0.1803921568627451 0.12941176470588237 0.18823529411764706
3 0.7509803921568627 0.18627450980392157 0.36470588235294116 0.2549019607843137
3 0.07254901960784314 0.5372549019607843 0.1450980392156863 0.5568627450980392