3 0.703921568627451 0.6294117647058823 0.36666666666666664 0.707843137254902
3 0.33137254901960783 0.5686274509803921 0.23529411764705882 0.7372549019607844
3 0.23921568627450981 0.4215686274509804 0.23137254901960785 0.5392156862745098
3 0.5450980392156862 0.5862745098039216 0.25098039215686274 0.6372549019607843
3 0.5627450980392157 0.2784313725490196 0.3352941176470588 0.20980392156862746
3 0.2627450980392157 0.17450980392156862 0.2607843137254902 0.14705882352941177
3 0.20392156862745098 0.06274509803921569 0.10392156862745099 0.12156862745098039
3 0.5 0.14313725490196078 0.26666666666666666 0.17254901960784313
3 0.8941176470588236 0.12352941176470589 0.11568627450980393 0.17254901960784313
3 0.7058823529411765 0.15490196078431373 0.3352941176470588 0.20980392156862746
3 0.060784313725490195 0.6 0.11764705882352941 0.5450980392156862