3 0.24313725490196078 0.40784313725490196 0.48627450980392156 0.25098039215686274
3 0.4176470588235294 0.28431372549019607 0.2784313725490196 0.24705882352941178
3 0.4411764705882353 0.11176470588235295 0.3568627450980392 0.2235294117647059
3 0.4568627450980392 0.6274509803921569 0.3215686274509804 0.13725490196078433
3 0.4843137254901961 0.707843137254902 0.32941176470588235 0.1803921568627451
3 0.5490196078431373 0.8647058823529412 0.25098039215686274 0.27058823529411763
3 0.5490196078431373 0.9156862745098039 0.22745098039215686 0.16862745098039217
3 0.5588235294117647 0.35294117647058826 0.23137254901960785 0.18823529411764706
3 0.5725490196078431 0.4823529411764706 0.21568627450980393 0.09019607843137255
3 0.5686274509803921 0.4196078431372549 0.17254901960784313 0.08627450980392157
3 0.6039215686274509 0.28823529411764703 0.06666666666666667 0.10588235294117647
3 0.6137254901960785 0.20392156862745098 0.13333333333333333 0.050980392156862744
3 0.6098039215686275 0.16470588235294117 0.12156862745098039 0.07058823529411765
3 0.6176470588235294 0.11372549019607843 0.10588235294117647 0.06274509803921569
3 0.5745098039215686 0.06470588235294118 0.10588235294117647 0.12941176470588237
3 0.6313725490196078 0.06666666666666667 0.054901960784313725 0.06666666666666667
3 0.6549019607843137 0.5078431372549019 0.08235294117647059 0.08235294117647059
3 0.6333333333333333 0.5843137254901961 0.08235294117647059 0.054901960784313725
3 0.6490196078431373 0.6196078431372549 0.10588235294117647 0.06666666666666667
3 0.6745098039215687 0.6509803921568628 0.08627450980392157 0.058823529411764705
3 0.6764705882352942 0.711764705882353 0.09019607843137255 0.06274509803921569
3 0.6705882352941176 0.7450980392156863 0.07058823529411765 0.054901960784313725
3 0.6843137254901961 0.7803921568627451 0.09019607843137255 0.054901960784313725
3 0.6764705882352942 0.8215686274509804 0.0784313725490196 0.054901960784313725
3 0.6745098039215687 0.8784313725490196 0.06666666666666667 0.054901960784313725