1 0.40588235294117647 0.1 0.21176470588235294 0.11372549019607843
1 0.49019607843137253 0.045098039215686274 0.17254901960784313 0.09019607843137255
1 0.39019607843137255 0.21176470588235294 0.13725490196078433 0.12156862745098039
1 0.4196078431372549 0.2627450980392157 0.16862745098039217 0.1411764705882353
1 0.3941176470588235 0.3235294117647059 0.11372549019607843 0.07450980392156863
1 0.42549019607843136 0.37254901960784315 0.16862745098039217 0.1411764705882353
1 0.4470588235294118 0.5176470588235295 0.16862745098039217 0.09803921568627451
1 0.48627450980392156 0.20392156862745098 0.18823529411764706 0.13333333333333333
1 0.5529411764705883 0.37058823529411766 0.12156862745098039 0.11372549019607843
1 0.42745098039215684 0.592156862745098 0.12156862745098039 0.09019607843137255
1 0.43137254901960786 0.6823529411764706 0.12549019607843137 0.13333333333333333
1 0.5313725490196078 0.6509803921568628 0.09019607843137255 0.06666666666666667
1 0.4549019607843137 0.7588235294117647 0.12549019607843137 0.13725490196078433
1 0.4745098039215686 0.9137254901960784 0.09019607843137255 0.07450980392156863