3 0.38235294117647056 0.7549019607843137 0.2 0.49019607843137253
3 0.27647058823529413 0.5588235294117647 0.21764705882352942 0.25882352941176473
3 0.10392156862745099 0.515686274509804 0.1980392156862745 0.3352941176470588
3 0.6215686274509804 0.5568627450980392 0.10784313725490197 0.31176470588235294
3 0.7058823529411765 0.5372549019607843 0.14705882352941177 0.3137254901960784
3 0.8686274509803922 0.49019607843137253 0.24705882352941178 0.22549019607843138
3 0.9215686274509803 0.49411764705882355 0.1568627450980392 0.21176470588235294
3 0.3607843137254902 0.42549019607843136 0.16666666666666666 0.21568627450980393
3 0.49019607843137253 0.42549019607843136 0.07058823529411765 0.20784313725490197
3 0.42745098039215684 0.4235294117647059 0.06862745098039216 0.1627450980392157
3 0.3 0.37450980392156863 0.10196078431372549 0.054901960784313725
3 0.21764705882352942 0.3568627450980392 0.041176470588235294 0.12941176470588237
3 0.1784313725490196 0.35490196078431374 0.056862745098039215 0.11764705882352941
3 0.12745098039215685 0.3431372549019608 0.050980392156862744 0.1
3 0.06862745098039216 0.3784313725490196 0.13529411764705881 0.09019607843137255
3 0.08235294117647059 0.3235294117647059 0.06470588235294118 0.047058823529411764
3 0.5235294117647059 0.34705882352941175 0.07254901960784314 0.07647058823529412
3 0.5980392156862745 0.3764705882352941 0.045098039215686274 0.0803921568627451
3 0.6352941176470588 0.36470588235294116 0.054901960784313725 0.10588235294117647
3 0.6686274509803921 0.3431372549019608 0.050980392156862744 0.0803921568627451
3 0.7294117647058823 0.34705882352941175 0.054901960784313725 0.08823529411764706
3 0.7607843137254902 0.35490196078431374 0.047058823529411764 0.06666666666666667
3 0.7980392156862746 0.34509803921568627 0.045098039215686274 0.08823529411764706
3 0.8372549019607843 0.3588235294117647 0.045098039215686274 0.07450980392156863
3 0.8941176470588236 0.36666666666666664 0.045098039215686274 0.06274509803921569