1 0.09607843137254903 0.5803921568627451 0.10392156862745099 0.20784313725490197
1 0.045098039215686274 0.49411764705882355 0.08627450980392157 0.16862745098039217
1 0.20784313725490197 0.6 0.11764705882352941 0.13529411764705881
1 0.2607843137254902 0.5725490196078431 0.1392156862745098 0.16666666666666666
1 0.3196078431372549 0.6 0.07254901960784314 0.10980392156862745
1 0.37058823529411766 0.5705882352941176 0.13529411764705881 0.16470588235294117
1 0.515686274509804 0.5529411764705883 0.09411764705882353 0.16470588235294117
1 0.20392156862745098 0.503921568627451 0.12745098039215685 0.1843137254901961
1 0.37254901960784315 0.44313725490196076 0.10980392156862745 0.11764705882352941
1 0.5901960784313726 0.5764705882352941 0.08823529411764706 0.11960784313725491
1 0.6803921568627451 0.5745098039215686 0.12745098039215685 0.12156862745098039
1 0.6529411764705882 0.4745098039215686 0.06470588235294118 0.08431372549019608
1 0.7568627450980392 0.5549019607843138 0.13137254901960785 0.12156862745098039
1 0.9117647058823529 0.5392156862745098 0.07254901960784314 0.08627450980392157