3 0.45098039215686275 0.7568627450980392 0.3215686274509804 0.48627450980392156
3 0.3 0.6137254901960785 0.2784313725490196 0.3058823529411765
3 0.12941176470588237 0.615686274509804 0.25882352941176473 0.3764705882352941
3 0.6313725490196078 0.5235294117647059 0.1843137254901961 0.32941176470588235
3 0.707843137254902 0.4823529411764706 0.2235294117647059 0.3411764705882353
3 0.8509803921568627 0.396078431372549 0.2980392156862745 0.2823529411764706
3 0.9 0.38235294117647056 0.2 0.24705882352941178
3 0.34705882352941175 0.4647058823529412 0.21568627450980393 0.25098039215686274
3 0.47058823529411764 0.43137254901960786 0.12156862745098039 0.2196078431372549
3 0.40980392156862744 0.44509803921568625 0.10980392156862745 0.17647058823529413
3 0.27450980392156865 0.43137254901960786 0.11372549019607843 0.0784313725490196
3 0.19019607843137254 0.43529411764705883 0.07450980392156863 0.1411764705882353
3 0.15098039215686274 0.44313725490196076 0.08627450980392157 0.12941176470588237
3 0.1 0.44509803921568625 0.07450980392156863 0.10980392156862745
3 0.06470588235294118 0.492156862745098 0.12941176470588237 0.12156862745098039
3 0.050980392156862744 0.4372549019607843 0.07450980392156863 0.06274509803921569
3 0.4823529411764706 0.34705882352941175 0.09019607843137255 0.09019607843137255
3 0.5627450980392157 0.35490196078431374 0.06274509803921569 0.08627450980392157
3 0.596078431372549 0.3333333333333333 0.0784313725490196 0.11372549019607843
3 0.6215686274509804 0.30392156862745096 0.07058823529411765 0.09411764705882353
3 0.6823529411764706 0.29215686274509806 0.07450980392156863 0.10196078431372549
3 0.7137254901960784 0.29215686274509806 0.06274509803921569 0.0784313725490196
3 0.7470588235294118 0.2725490196078431 0.06274509803921569 0.09411764705882353
3 0.7901960784313725 0.27647058823529413 0.06666666666666667 0.08235294117647059
3 0.8470588235294118 0.26862745098039215 0.06274509803921569 0.07450980392156863