1 0.4980392156862745 0.08823529411764706 0.2235294117647059 0.1450980392156863
1 0.592156862745098 0.056862745098039215 0.1803921568627451 0.11372549019607843
1 0.4568627450980392 0.19411764705882353 0.15294117647058825 0.1411764705882353
1 0.4745098039215686 0.25098039215686274 0.18823529411764706 0.16470588235294117
1 0.43529411764705883 0.30392156862745096 0.12156862745098039 0.09019607843137255
1 0.4549019607843137 0.3588235294117647 0.18823529411764706 0.16470588235294117
1 0.44509803921568625 0.5058823529411764 0.1803921568627451 0.12549019607843137
1 0.5529411764705883 0.20784313725490197 0.20392156862745098 0.1568627450980392
1 0.5803921568627451 0.3862745098039216 0.13725490196078433 0.12941176470588237
1 0.40784313725490196 0.5745098039215686 0.13333333333333333 0.10588235294117647
1 0.39215686274509803 0.6627450980392157 0.1450980392156863 0.14901960784313725
1 0.49607843137254903 0.6549019607843137 0.09803921568627451 0.08235294117647059
1 0.3980392156862745 0.7411764705882353 0.1450980392156863 0.15294117647058825
1 0.38235294117647056 0.8960784313725491 0.09803921568627451 0.09019607843137255